member 1 Length 20.0 Length 90 I 0.0001 A 0.05 E 200000000000.0
Member stiffness =
[[ 3.0000000e+04  3.0614333e-08 -3.0000000e+05 -3.0000000e+04  
  -3.0614333e-08 -3.0000000e+05]
 [ 3.0614333e-08  5.0000000e+08  1.8369702e-11 -3.0614333e-08  
  -5.0000000e+08  1.8369702e-11]
 [-3.0000000e+05  1.8369702e-11  4.0000000e+06  3.0000000e+05
  -1.8369702e-11  2.0000000e+06]
 [-3.0000000e+04 -3.0614333e-08  3.0000000e+05  3.0000000e+04
   3.0614333e-08  3.0000000e+05]
 [-3.0614333e-08 -5.0000000e+08 -1.8369702e-11  3.0614333e-08
   5.0000000e+08 -1.8369702e-11]
 [-3.0000000e+05  1.8369702e-11  2.0000000e+06  3.0000000e+05
  -1.8369702e-11  4.0000000e+06]]
member 2 Length 20.0 Length 0.0 I 0.0001 A 0.05 E 200000000000.0
Member stiffness =
[[ 5.e+08  0.e+00  0.e+00 -5.e+08  0.e+00  0.e+00]
 [ 0.e+00  3.e+04  3.e+05  0.e+00 -3.e+04  3.e+05]
 [ 0.e+00  3.e+05  4.e+06  0.e+00 -3.e+05  2.e+06]
 [-5.e+08  0.e+00  0.e+00  5.e+08  0.e+00  0.e+00]
 [ 0.e+00 -3.e+04 -3.e+05  0.e+00  3.e+04 -3.e+05]
 [ 0.e+00  3.e+05  2.e+06  0.e+00 -3.e+05  4.e+06]]
member 3 Length 20.0 Length 270 I 0.0001 A 0.05 E 200000000000.0
Member stiffness =
[[ 3.0000000e+04  9.1842999e-08  3.0000000e+05 -3.0000000e+04
  -9.1842999e-08  3.0000000e+05]
 [ 9.1842999e-08  5.0000000e+08 -5.5109106e-11 -9.1842999e-08
  -5.0000000e+08 -5.5109106e-11]
 [ 3.0000000e+05 -5.5109106e-11  4.0000000e+06 -3.0000000e+05
   5.5109106e-11  2.0000000e+06]
 [-3.0000000e+04 -9.1842999e-08 -3.0000000e+05  3.0000000e+04
   9.1842999e-08 -3.0000000e+05]
 [-9.1842999e-08 -5.0000000e+08  5.5109106e-11  9.1842999e-08
   5.0000000e+08  5.5109106e-11]
 [ 3.0000000e+05 -5.5109106e-11  2.0000000e+06 -3.0000000e+05
   5.5109106e-11  4.0000000e+06]]




new = [[ 3.0000000e+04  3.0614333e-08 -3.0000000e+05 -3.0000000e+04
  -3.0614333e-08 -3.0000000e+05  0.0000000e+00  0.0000000e+00
   0.0000000e+00  0.0000000e+00  0.0000000e+00  0.0000000e+00]
 [ 3.0614333e-08  5.0000000e+08  1.8369702e-11 -3.0614333e-08
  -5.0000000e+08  1.8369702e-11  0.0000000e+00  0.0000000e+00
   0.0000000e+00  0.0000000e+00  0.0000000e+00  0.0000000e+00]
 [-3.0000000e+05  1.8369702e-11  4.0000000e+06  3.0000000e+05
  -1.8369702e-11  2.0000000e+06  0.0000000e+00  0.0000000e+00
   0.0000000e+00  0.0000000e+00  0.0000000e+00  0.0000000e+00]
 [-3.0000000e+04 -3.0614333e-08  3.0000000e+05  3.0000000e+04
   3.0614333e-08  3.0000000e+05  0.0000000e+00  0.0000000e+00
   0.0000000e+00  0.0000000e+00  0.0000000e+00  0.0000000e+00]
 [-3.0614333e-08 -5.0000000e+08 -1.8369702e-11  3.0614333e-08
   5.0000000e+08 -1.8369702e-11  0.0000000e+00  0.0000000e+00
   0.0000000e+00  0.0000000e+00  0.0000000e+00  0.0000000e+00]
 [-3.0000000e+05  1.8369702e-11  2.0000000e+06  3.0000000e+05
  -1.8369702e-11  4.0000000e+06  0.0000000e+00  0.0000000e+00
   0.0000000e+00  0.0000000e+00  0.0000000e+00  0.0000000e+00]
 [ 0.0000000e+00  0.0000000e+00  0.0000000e+00  0.0000000e+00
   0.0000000e+00  0.0000000e+00  0.0000000e+00  0.0000000e+00
   0.0000000e+00  0.0000000e+00  0.0000000e+00  0.0000000e+00]
 [ 0.0000000e+00  0.0000000e+00  0.0000000e+00  0.0000000e+00
   0.0000000e+00  0.0000000e+00  0.0000000e+00  0.0000000e+00
   0.0000000e+00  0.0000000e+00  0.0000000e+00  0.0000000e+00]
 [ 0.0000000e+00  0.0000000e+00  0.0000000e+00  0.0000000e+00
   0.0000000e+00  0.0000000e+00  0.0000000e+00  0.0000000e+00
   0.0000000e+00  0.0000000e+00  0.0000000e+00  0.0000000e+00]
 [ 0.0000000e+00  0.0000000e+00  0.0000000e+00  0.0000000e+00
   0.0000000e+00  0.0000000e+00  0.0000000e+00  0.0000000e+00
   0.0000000e+00  0.0000000e+00  0.0000000e+00  0.0000000e+00]
 [ 0.0000000e+00  0.0000000e+00  0.0000000e+00  0.0000000e+00
   0.0000000e+00  0.0000000e+00  0.0000000e+00  0.0000000e+00
   0.0000000e+00  0.0000000e+00  0.0000000e+00  0.0000000e+00]
 [ 0.0000000e+00  0.0000000e+00  0.0000000e+00  0.0000000e+00
   0.0000000e+00  0.0000000e+00  0.0000000e+00  0.0000000e+00
   0.0000000e+00  0.0000000e+00  0.0000000e+00  0.0000000e+00]]
new = [[ 0.e+00  0.e+00  0.e+00  0.e+00  0.e+00  0.e+00  0.e+00  0.e+00  0.e+00
   0.e+00  0.e+00  0.e+00]
 [ 0.e+00  0.e+00  0.e+00  0.e+00  0.e+00  0.e+00  0.e+00  0.e+00  0.e+00
   0.e+00  0.e+00  0.e+00]
 [ 0.e+00  0.e+00  0.e+00  0.e+00  0.e+00  0.e+00  0.e+00  0.e+00  0.e+00
   0.e+00  0.e+00  0.e+00]
 [ 0.e+00  0.e+00  0.e+00  5.e+08  0.e+00  0.e+00 -5.e+08  0.e+00  0.e+00
   0.e+00  0.e+00  0.e+00]
 [ 0.e+00  0.e+00  0.e+00  0.e+00  3.e+04  3.e+05  0.e+00 -3.e+04  3.e+05
   0.e+00  0.e+00  0.e+00]
 [ 0.e+00  0.e+00  0.e+00  0.e+00  3.e+05  4.e+06  0.e+00 -3.e+05  2.e+06
   0.e+00  0.e+00  0.e+00]
 [ 0.e+00  0.e+00  0.e+00 -5.e+08  0.e+00  0.e+00  5.e+08  0.e+00  0.e+00
   0.e+00  0.e+00  0.e+00]
 [ 0.e+00  0.e+00  0.e+00  0.e+00 -3.e+04 -3.e+05  0.e+00  3.e+04 -3.e+05
   0.e+00  0.e+00  0.e+00]
 [ 0.e+00  0.e+00  0.e+00  0.e+00  3.e+05  2.e+06  0.e+00 -3.e+05  4.e+06
   0.e+00  0.e+00  0.e+00]
 [ 0.e+00  0.e+00  0.e+00  0.e+00  0.e+00  0.e+00  0.e+00  0.e+00  0.e+00
   0.e+00  0.e+00  0.e+00]
 [ 0.e+00  0.e+00  0.e+00  0.e+00  0.e+00  0.e+00  0.e+00  0.e+00  0.e+00
   0.e+00  0.e+00  0.e+00]
 [ 0.e+00  0.e+00  0.e+00  0.e+00  0.e+00  0.e+00  0.e+00  0.e+00  0.e+00
   0.e+00  0.e+00  0.e+00]]
new = [[ 0.0000000e+00  0.0000000e+00  0.0000000e+00  0.0000000e+00
   0.0000000e+00  0.0000000e+00  0.0000000e+00  0.0000000e+00
   0.0000000e+00  0.0000000e+00  0.0000000e+00  0.0000000e+00]
 [ 0.0000000e+00  0.0000000e+00  0.0000000e+00  0.0000000e+00
   0.0000000e+00  0.0000000e+00  0.0000000e+00  0.0000000e+00
   0.0000000e+00  0.0000000e+00  0.0000000e+00  0.0000000e+00]
 [ 0.0000000e+00  0.0000000e+00  0.0000000e+00  0.0000000e+00
   0.0000000e+00  0.0000000e+00  0.0000000e+00  0.0000000e+00
   0.0000000e+00  0.0000000e+00  0.0000000e+00  0.0000000e+00]
 [ 0.0000000e+00  0.0000000e+00  0.0000000e+00  0.0000000e+00
   0.0000000e+00  0.0000000e+00  0.0000000e+00  0.0000000e+00
   0.0000000e+00  0.0000000e+00  0.0000000e+00  0.0000000e+00]
 [ 0.0000000e+00  0.0000000e+00  0.0000000e+00  0.0000000e+00
   0.0000000e+00  0.0000000e+00  0.0000000e+00  0.0000000e+00
   0.0000000e+00  0.0000000e+00  0.0000000e+00  0.0000000e+00]
 [ 0.0000000e+00  0.0000000e+00  0.0000000e+00  0.0000000e+00
   0.0000000e+00  0.0000000e+00  0.0000000e+00  0.0000000e+00
   0.0000000e+00  0.0000000e+00  0.0000000e+00  0.0000000e+00]
 [ 0.0000000e+00  0.0000000e+00  0.0000000e+00  0.0000000e+00
   0.0000000e+00  0.0000000e+00  3.0000000e+04  9.1842999e-08
   3.0000000e+05 -3.0000000e+04 -9.1842999e-08  3.0000000e+05]
 [ 0.0000000e+00  0.0000000e+00  0.0000000e+00  0.0000000e+00
   0.0000000e+00  0.0000000e+00  9.1842999e-08  5.0000000e+08
  -5.5109106e-11 -9.1842999e-08 -5.0000000e+08 -5.5109106e-11]
 [ 0.0000000e+00  0.0000000e+00  0.0000000e+00  0.0000000e+00
   0.0000000e+00  0.0000000e+00  3.0000000e+05 -5.5109106e-11
   4.0000000e+06 -3.0000000e+05  5.5109106e-11  2.0000000e+06]
 [ 0.0000000e+00  0.0000000e+00  0.0000000e+00  0.0000000e+00
   0.0000000e+00  0.0000000e+00 -3.0000000e+04 -9.1842999e-08
  -3.0000000e+05  3.0000000e+04  9.1842999e-08 -3.0000000e+05]
 [ 0.0000000e+00  0.0000000e+00  0.0000000e+00  0.0000000e+00
   0.0000000e+00  0.0000000e+00 -9.1842999e-08 -5.0000000e+08
   5.5109106e-11  9.1842999e-08  5.0000000e+08  5.5109106e-11]
 [ 0.0000000e+00  0.0000000e+00  0.0000000e+00  0.0000000e+00
   0.0000000e+00  0.0000000e+00  3.0000000e+05 -5.5109106e-11
   2.0000000e+06 -3.0000000e+05  5.5109106e-11  4.0000000e+06]]












str_stiffnes =
[[ 3.0000000e+04  3.0614333e-08 -3.0000000e+05 -3.0000000e+04
  -3.0614333e-08 -3.0000000e+05  0.0000000e+00  0.0000000e+00
   0.0000000e+00  0.0000000e+00  0.0000000e+00  0.0000000e+00]
 [ 3.0614333e-08  5.0000000e+08  1.8369702e-11 -3.0614333e-08
  -5.0000000e+08  1.8369702e-11  0.0000000e+00  0.0000000e+00
   0.0000000e+00  0.0000000e+00  0.0000000e+00  0.0000000e+00]
 [-3.0000000e+05  1.8369702e-11  4.0000000e+06  3.0000000e+05
  -1.8369702e-11  2.0000000e+06  0.0000000e+00  0.0000000e+00
   0.0000000e+00  0.0000000e+00  0.0000000e+00  0.0000000e+00]
 [-3.0000000e+04 -3.0614333e-08  3.0000000e+05  5.0003000e+08
   3.0614333e-08  3.0000000e+05 -5.0000000e+08  0.0000000e+00
   0.0000000e+00  0.0000000e+00  0.0000000e+00  0.0000000e+00]
 [-3.0614333e-08 -5.0000000e+08 -1.8369702e-11  3.0614333e-08
   5.0003000e+08  3.0000000e+05  0.0000000e+00 -3.0000000e+04
   3.0000000e+05  0.0000000e+00  0.0000000e+00  0.0000000e+00]
 [-3.0000000e+05  1.8369702e-11  2.0000000e+06  3.0000000e+05
   3.0000000e+05  8.0000000e+06  0.0000000e+00 -3.0000000e+05
   2.0000000e+06  0.0000000e+00  0.0000000e+00  0.0000000e+00]
 [ 0.0000000e+00  0.0000000e+00  0.0000000e+00 -5.0000000e+08
   0.0000000e+00  0.0000000e+00  5.0003000e+08  9.1842999e-08
   3.0000000e+05 -3.0000000e+04 -9.1842999e-08  3.0000000e+05]
 [ 0.0000000e+00  0.0000000e+00  0.0000000e+00  0.0000000e+00
  -3.0000000e+04 -3.0000000e+05  9.1842999e-08  5.0003000e+08
  -3.0000000e+05 -9.1842999e-08 -5.0000000e+08 -5.5109106e-11]
 [ 0.0000000e+00  0.0000000e+00  0.0000000e+00  0.0000000e+00
   3.0000000e+05  2.0000000e+06  3.0000000e+05 -3.0000000e+05
   8.0000000e+06 -3.0000000e+05  5.5109106e-11  2.0000000e+06]
 [ 0.0000000e+00  0.0000000e+00  0.0000000e+00  0.0000000e+00
   0.0000000e+00  0.0000000e+00 -3.0000000e+04 -9.1842999e-08
  -3.0000000e+05  3.0000000e+04  9.1842999e-08 -3.0000000e+05]
 [ 0.0000000e+00  0.0000000e+00  0.0000000e+00  0.0000000e+00
   0.0000000e+00  0.0000000e+00 -9.1842999e-08 -5.0000000e+08
   5.5109106e-11  9.1842999e-08  5.0000000e+08  5.5109106e-11]
 [ 0.0000000e+00  0.0000000e+00  0.0000000e+00  0.0000000e+00
   0.0000000e+00  0.0000000e+00  3.0000000e+05 -5.5109106e-11
   2.0000000e+06 -3.0000000e+05  5.5109106e-11  4.0000000e+06]]

new =
[array([-0.,  0.,  0., -0.,  0.,  0.,  0.,  0.,  0.,  0.,  0.,  0.]), array([ 0.00000000e+00,  0.00000000e+00,  0.00000000e+00, -1.03329574e-15,
       -8.43750000e+00, -2.81250000e+01, -1.91351062e-16, -1.56250000e+00,
        9.37500000e+00,  0.00000000e+00,  0.00000000e+00,  0.00000000e+00]), array([ 0.,  0.,  0.,  0.,  0.,  0.,  0., -0.,  0.,  0., -0.,  0.])]
joint =
[ 0.00000000e+00  0.00000000e+00  0.00000000e+00 -1.03329574e-15
 -8.43750000e+00 -2.81250000e+01 -1.91351062e-16 -1.56250000e+00
  9.37500000e+00  0.00000000e+00  0.00000000e+00  0.00000000e+00]
P = ['Rx', 'Ry', 'Mu', nan, nan, nan, nan, nan, nan, 'Rx', 'Ry', 'Mu']


Reactions_def = ['Rx at node 1', 'Ry at node 1', 'Mu at node 1', 'Rx at node 4', 'Ry at node 4', 'Mu at node 4']
forces = []
ind = [3, 4, 5, 6, 7, 8]
other = [0, 1, 2, 9, 10, 11]
mat_mul
 = [[ 5.0003000e+08  3.0614333e-08  3.0000000e+05 -5.0000000e+08
   0.0000000e+00  0.0000000e+00]
 [ 3.0614333e-08  5.0003000e+08  3.0000000e+05  0.0000000e+00
  -3.0000000e+04  3.0000000e+05]
 [ 3.0000000e+05  3.0000000e+05  8.0000000e+06  0.0000000e+00
  -3.0000000e+05  2.0000000e+06]
 [-5.0000000e+08  0.0000000e+00  0.0000000e+00  5.0003000e+08
   9.1842999e-08  3.0000000e+05]
 [ 0.0000000e+00 -3.0000000e+04 -3.0000000e+05  9.1842999e-08
   5.0003000e+08 -3.0000000e+05]
 [ 0.0000000e+00  3.0000000e+05  2.0000000e+06  3.0000000e+05
  -3.0000000e+05  8.0000000e+06]]

pk = [[-1.03329574e-15 -8.43750000e+00 -2.81250000e+01 -1.91351062e-16
  -1.56250000e+00  9.37500000e+00]]

delta = [[ 1.33892794e-05]
 [-1.52677668e-08]
 [-4.46388107e-06]
 [ 1.33874044e-05]
 [-4.73223316e-09]
 [ 1.78621268e-06]]

mat_mul2 = 
[[-3.0000000e+04 -3.0614333e-08 -3.0000000e+05  0.0000000e+00
   0.0000000e+00  0.0000000e+00]
 [-3.0614333e-08 -5.0000000e+08  1.8369702e-11  0.0000000e+00
   0.0000000e+00  0.0000000e+00]
 [ 3.0000000e+05 -1.8369702e-11  2.0000000e+06  0.0000000e+00
   0.0000000e+00  0.0000000e+00]
 [ 0.0000000e+00  0.0000000e+00  0.0000000e+00 -3.0000000e+04
  -9.1842999e-08 -3.0000000e+05]
 [ 0.0000000e+00  0.0000000e+00  0.0000000e+00 -9.1842999e-08
  -5.0000000e+08  5.5109106e-11]
 [ 0.0000000e+00  0.0000000e+00  0.0000000e+00  3.0000000e+05
  -5.5109106e-11  2.0000000e+06]]